0.380926,0,0.92461,0,0,1,0,0,-0.92461,0,0.380926,0,2.52093,0,19.0127,1|
0.921066,0,0.389421,0,0,1,0,0,-0.389421,0,0.921066,0,2.52093,0,19.0127,1|
0.921066,0,0.389421,0,0,1,0,0,-0.389421,0,0.921066,0,2.04197,0,18.8102,1|
-0.50485,0,0.863215,0,0,1,0,0,-0.863215,0,-0.50485,0,2.04197,0,18.8102,1|
-0.895351,0,0.445378,0,0,1,0,0,-0.445378,0,-0.895351,0,2.04197,0,18.8102,1|
-0.895351,0,0.445378,0,0,1,0,0,-0.445378,0,-0.895351,0,3.00896,0,18.3292,1|
-0.895351,0,0.445378,0,0,1,0,0,-0.445378,0,-0.895351,0,2.56128,0,18.5519,1|
