0.764843,0,-0.644218,0,0,1,0,0,0.644218,0,0.764843,0,2.40083,0,20.3862,1|
0.764843,0,-0.644218,0,0,1,0,0,0.644218,0,0.764843,0,3.16568,0,19.742,1|
0.0707375,0,-0.997497,0,0,1,0,0,0.997497,0,0.0707375,0,3.16568,0,19.742,1|
0.0707375,0,-0.997497,0,0,1,0,0,0.997497,0,0.0707375,0,3.1105,0,20.5201,1|
0.696708,0,-0.717358,0,0,1,0,0,0.717358,0,0.696708,0,3.1105,0,20.5201,1|
0.696708,0,-0.717358,0,0,1,0,0,0.717358,0,0.696708,0,2.55314,0,21.094,1|
